
 line       object           ucode  source program

   1    (35  230    2)     main       proc         230     2     2
   2    (38    2    1)                sym            2     1   225
   3    (38    2  226)                sym            2   226     1
   4    (38    2  227)                sym            2   227     1
   5    (38    2  228)                sym            2   228     1
   6    (38    2  229)                sym            2   229     1
   7    (38    2  230)                sym            2   230     1
   8    (23          )                ldp
   9    (21    2  227)                lda            2   227
  10    (29   -1     )                call        read
  11    (19    2  227)                lod            2   227
  12    (20    2     )                ldc            2
  13    ( 9          )                div
  14    (24    2  229)                str            2   229
  15    (20    0     )                ldc            0
  16    (24    2  228)                str            2   228
  17    (19    2  227)                lod            2   227
  18    (19    2  227)                lod            2   227
  19    ( 8          )                mult
  20    (24    2  230)                str            2   230
  21    (19    2  230)                lod            2   230
  22    (24    2  226)                str            2   226
  23    (34          )     $$0        nop       
  24    (19    2  226)                lod            2   226
  25    (20    0     )                ldc            0
  26    (13          )                gt        
  27    (28   98     )                fjp        $$4
  28    (19    2  226)                lod            2   226
  29    ( 3          )                dec
  30    (24    2  226)                str            2   226
  31    (19    2  229)                lod            2   229
  32    (19    2  227)                lod            2   227
  33    (19    2  228)                lod            2   228
  34    ( 8          )                mult
  35    ( 6          )                add
  36    (21    2    1)                lda            2   1
  37    ( 6          )                add
  38    (19    2  230)                lod            2   230
  39    (19    2  226)                lod            2   226
  40    ( 7          )                sub
  41    (25          )                sti
  42    (19    2  230)                lod            2   230
  43    (19    2  226)                lod            2   226
  44    ( 7          )                sub
  45    (19    2  227)                lod            2   227
  46    (10          )                mod
  47    (20    0     )                ldc            0
  48    (17          )                eq
  49    (28   64     )                fjp        $$1
  50    (19    2  228)                lod            2   228
  51    ( 2          )                inc
  52    (24    2  228)                str            2   228
  53    (19    2  228)                lod            2   228
  54    (20    0     )                ldc            0
  55    (14          )                lt
  56    (27   82     )                tjp        $$2
  57    (19    2  229)                lod            2   229
  58    (19    2  227)                lod            2   227
  59    (20    1     )                ldc            1
  60    ( 7          )                sub
  61    (13          )                gt
  62    (27   94     )                tjp        $$3
  63    (26   23     )                ujp        $$0
  64    (34          )     $$1        nop
  65    (19    2  228)                lod            2   228
  66    ( 3          )                dec
  67    (24    2  228)                str            2   228
  68    (19    2  229)                lod            2   229
  69    ( 2          )                inc
  70    (24    2  229)                str            2   229
  71    (19    2  228)                lod            2   228
  72    (20    0     )                ldc            0
  73    (14          )                lt
  74    (27   82     )                tjp        $$2
  75    (19    2  229)                lod            2   229
  76    (19    2  227)                lod            2   227
  77    (20    1     )                ldc            1
  78    ( 7          )                sub
  79    (13          )                gt
  80    (27   94     )                tjp        $$3
  81    (26   23     )                ujp        $$0
  82    (34          )     $$2        nop
  83    (19    2  227)                lod            2   227
  84    (20    1     )                ldc            1
  85    ( 7          )                sub
  86    (24    2  228)                str            2   228
  87    (19    2  229)                lod            2   229
  88    (19    2  227)                lod            2   227
  89    (20    1     )                ldc            1
  90    ( 7          )                sub
  91    (13          )                gt
  92    (27   94     )                tjp        $$3
  93    (26   23     )                ujp        $$0
  94    (34          )     $$3        nop
  95    (20    0     )                ldc            0
  96    (24    2  229)                str            2   229
  97    (26   23     )                ujp        $$0
  98    (34          )     $$4        nop
  99    (19    2  230)                lod            2   230
 100    (24    2  226)                str            2   226
 101    (26  102     )                ujp        $$5
 102    (34          )     $$5        nop         
 103    (19    2  226)                lod            2   226
 104    (20    0     )                ldc            0
 105    (13          )                gt
 106    (28  119     )                fjp        $$7
 107    (19    2  230)                lod            2   230
 108    (19    2  226)                lod            2   226
 109    ( 7          )                sub
 110    (21    2    1)                lda            2   1
 111    ( 6          )                add
 112    (22          )                ldi
 113    (29   -2     )                call       write
 114    (29   -3     )                call       lf
 115    (19    2  226)                lod            2   226
 116    ( 3          )                dec
 117    (24    2  226)                str            2   226
 118    (26  102     )                ujp        $$5
 119    (34          )     $$7        nop
 120    (30          )                ret       
 121    (36          )                end       
 122    (37    0     )                bgn            0
 123    (23          )                ldp       